## data from http://www.sciencemag.org/content/329/5991/533.short
B (proteins/mRNA)_RNAseq
154.501486
27.38808642
1.267864705
13.76024087
13.52704294
17.04683989
8.017123919
0.506896955
0.810936837
17.71454438
9.823646891
25.62106612
38.9333728
26.47365209
6.246672153
27.84679028
5.15793988
20.49652933
53.23010723
105.4422054
33.9341232
1.021937227
63.48899328
10.35719907
10.25792562
9.886266423
2.340102164
0.839624668
1.332043957
10.49148215
27.47472272
6.28703867
16.07945149
37.40575981
77.18862338
26.19406185
8.394250695
57.64322669
0.254198426
24.85698124
1.569855215
13.37213265
90.19304169
9.104143726
39.07708198
9.57002082
24.19737625
3.755727126
6.981947004
4.684668476
16.57215677
6.216280899
1.576674345
145.8134507
6.923722644
0.828612588
6.500428393
7.454700611
1.685899427
30.65108092
46.29440321
31.63887352
41.75764304
2.713969981
15.98342581
2.789190968
0.031050199
4.636551602
8.936678198
37.95909982
0.432980903
19.56206287
2.42092105
1.796580873
78.42851562
19.80033194
13.15887262
10.49490583
22.62515754
21.6628748
0.559824332
4.084701236
9.127043923
1.468752439
6.508978578
118.5267001
3.220262157
63.79199591
21.32733361
3.976259702
13.05432846
2.978104828
78.94572088
1.479950407
4.837949835
9.098920968
13.22353688
8.197208818
0.055722102
8.723731526
3.91936807
20.67710075
10.46076862
12.90631661
6.359841464
25.87870991
10.52917042
6.956522082
27.46984069
38.8272737
18.11817057
2.679302667
9.801109156
215.6370194
4.933825758
1.052599405
0.082414323
16.48187718
6.088093772
0.20808316
6.151053856
1.185381939
96.38200004
25.056757
11.8250431
1.948788827
7.86058804
0.956950913
32.76784149
8.864449225
0.355448222
0.897685555
2.096788037
46.36298604
12.68823
19.04579675
12.56213056
4.22570011
1.288370107
13.63730046
29.98793724
0.267138053
11.58167182
11.93603709
10.86949174
5.841200831
1.203519052
3.015516105
3.69341528
30.43170139
0.242643676
6.792744172
33.8536653
1.242382987
32.37438068
10.63628452
9.586050642
55.01775596
28.91536982
2.62215644
1.641938287
4.469545684
1.829334431
5.301968238
3.066748507
21.51317956
5.38986433
16.08942285
6.189782811
1.10177839
1.726124677
13.74388803
1.589250893
9.061591433
15.25999318
7.834481684
1.916729746
2.315895306
7.011775718
7.207697159
6.830943543
17.90446368
2.936005558
10.25657445
4.987299818
83.62862398
1.42113186
7.592906545
2.801420416
4.45332046
6.560836835
8.40765028
24.23001074
46.98756979
2.318295155
14.71927064
16.5483517
10.15640484
24.84316093
10.20494381
9.392290245
4.269713502
13.79890436
4.114924635
3.130924912
2.260584164
14.33860078
0.503410739
7.557382017
10.70779266
19.58760484
0.642234983
2.816374232
6.284293916
3.751239138
10.16232873
4.703454607
1.903634162
0.476576243
25.03088035
19.15021179
10.29798788
22.08527452
7.971975919
8.509544966
6.349929662
27.83034784
44.7850691
4.511032339
2.48571935
0.430253296
27.62153541
11.39984631
43.70403482
14.14229726
24.30670088
2.027120974
5.550943647
6.520423696
23.79072562
3.852284376
2.936476064
2.526815654
99.16095248
79.49035961
2.491670469
7.835794276
18.99864919
25.87441183
167.5298574
4.867146271
3.399583418
42.43611024
33.07760421
1.936680771
0.256461474
0.764479002
15.56302497
18.40537966
3.012552932
3.120054423
7.264331279
41.09405537
0.916373379
0.211312038
4.985321977
23.13299453
19.49967624
8.001841197
11.31143854
14.70609546
0.662529902
2.535965045
3.375000396
7.296276656
10.0099809
32.69994948
2.255028311
15.44314285
5.526072895
0.658977166
30.33046622
94.73049754
0.671087253
6.652419954
36.52696069
35.16896528
8.571738059
6.562048394
1.03032566
18.71945497
0.012463177
19.2437252
10.47670541
4.996421756
59.58629336
18.71602547
8.187500638
0.572719421
6.801708789
8.786717015
5.16153666
4.012508801
13.61451294
0.336551816
48.24707232
1.59666273
0.518605016
0.274157288
13.1109881
2.30590718
11.35992343
18.86972162
3.330779923
27.1289143
3.76938654
6.324797459
90.40684176
2.423398785
113.9234295
5.587658566
0.062610648
13.71719859
52.33555381
8.216403866
2.095215709
7.536996023
10.16418304
52.03746465
15.77114314
9.404574355
7.343956798
0.145297671
0.100369405
5.60972763
22.51776531
33.09038119
11.66293746
13.58236345
9.775302377
14.34444151
76.23633105
9.29617365
2.294436092
1.105212397
1.946970072
5.183610114
3.94625056
6.076922711
8.829389117
0.210737665
8.608026566
0.551237777
19.23866195
15.96384835
9.53422638
8.14179409
25.98555522
2.999716428
2.211869192
4.726538456
0.37863448
1.216988218
15.58172034
15.87931055
8.552356599
1.723692877
5.617775267
26.26274625
2.847927281
0.195511696
84.56304901
31.94333862
27.64006649
8.323282262
30.77401739
4.58408354
1.776573591
1.012519902
27.8998774
67.93431569
41.78096129
4.771425056
8.887275484
6.010356389
60.52871155
4.898328302
8.801646927
3.853810594
28.67389394
9.57916536
8.943258804
2.855449957
0.414541562
28.13905087
6.390987248
9.218979342
47.7592137
8.05758313
1.431470099
0.388706142
89.37456696
61.41582418
43.16067583
4.049707812
20.95273197
3.582732003
18.7254601
10.68508713
1.215798625
13.49544895
38.71848243
29.01019849
4.253019523
14.63127842
31.9974879
17.64124796
3.660868991
6.882008563
8.455677941
5.464882027
2.746624364
2.703820815
4.694423717
2.695188826
2.399647143
0.174233594
0.327769691
3.832798125
3.746816765
7.747267782
2.221822976
0.881749222
4.495779282
31.78161788
9.884295547
4.551881506
89.37437965
1.635178297
10.86353198
5.835115821
1.387844821
0.262536712
6.109274274
1.3267007
0.144205534
0.155974504
7.733867996
216.3231653
11.49492627
0.028779229
0.026059791
24.63308766
7.164885036
9.179454963
60.04684943
1.727380226
4.227179072
18.6129936
6.947610543
6.862977223
44.84264768
4.5807028
55.98226217
7.325173836
10.12817597
1.414311877
1.083329962
8.852308986
3.771084356
4.412650243
83.05604507
14.63867447
8.555184399
0.290225048
6.187120021
5.607923785
5.113191119
89.81709549
5.125339715
0.10050444
21.21484276
4.769572117
1.965932593
6.350383763
4.209650729
14.52332531
141.49491
0.797504798
1.204537242
5.208557362
4.704540837
1.678586062
12.80740584
5.77188828
0.980038479
1.350655566
2.202803784
0.060630867
11.77360025
16.98975769
4.250716259
1.638682592
10.583226
2.459508871
9.741878735
24.80294407
6.94571814
7.760638192
10.23169489
3.032658187
9.358550755
21.72364535
50.87582959
18.29292525
219.9664168
14.71920802
54.60791586
12.24290866
2.39974074
12.72079909
32.93125082
7.141351265
2.603588669
3.133488679
11.88563364
1.489110238
12.24668462
19.05500027
17.20136059
30.38582173
1.038623305
23.36945023
13.25836954
6.419301641
8.368111392
3.900039593
6.409275086
0.474763049
58.85306622
3.370920559
33.90458391
65.21160693
27.27027633
7.903388316
11.06354869
2.871105886
0.287002794
4.897108699
32.83833738
20.20818423
0.944323469
25.52220123
8.646853885
16.17162271
19.8591738
15.45802564
0.503071556
18.50568398
7.525559279
1.067027158
7.394022709
4.145841452
39.90681188
8.71786169
15.68879592
5.171103398
2.905861527
1.063557373
4.065988859
16.64196723
14.59542853
5.108572967
14.21759887
2.897455419
20.70079217
1013.790285
4.575017722
6.813299136
1.622501436
3.150154231
4.904543879
12.49312783
0.017886831
2.109698246